30 28 32 30
33 29 35 31
43 32 45 34
58 38 60 40
65 42 67 44
71 45 73 47
123 66 125 68
150 76 152 78
156 79 158 81
163 81 165 83
169 83 171 85
172 84 174 86
174 84 176 86
174 84 176 86
174 84 176 86
175 83 177 85
175 83 177 85
175 83 177 85
175 82 177 84
175 82 177 84
175 81 177 83
177 80 179 82
178 78 180 80
178 76 180 78
177 73 179 75
175 70 177 72
170 62 172 64
167 58 169 60
164 54 166 56
160 51 162 53
158 49 160 51
156 49 158 51
156 48 158 50
155 48 157 50
154 48 156 50
153 48 155 50
151 48 153 50
151 49 153 51
150 49 152 51
148 50 150 52
146 51 148 53
144 53 146 55
139 58 141 60
133 63 135 65
122 73 124 75
109 84 111 86
96 96 98 98
86 106 88 108
77 119 79 121
71 126 73 128
66 130 68 132
62 132 64 134
56 133 58 135
51 134 53 136
42 136 44 138
39 137 41 139
35 137 37 139
32 138 34 140
29 138 31 140
27 138 29 140
27 138 29 140
27 138 29 140
27 138 29 140
26 136 28 138
23 129 25 131
16 97 18 99
16 90 18 92
16 86 18 88
16 83 18 85
16 82 18 84
16 82 18 84
18 81 20 83
22 79 24 81
28 77 30 79
34 76 36 78
39 76 41 78
45 76 47 78
53 79 55 81
62 84 64 86
69 89 71 91
72 92 74 94
75 95 77 97
78 99 80 101
81 104 83 106
83 109 85 111
85 112 87 114
89 117 91 119
97 122 99 124
100 123 102 125
102 125 104 127
105 126 107 128
116 133 118 135
125 142 127 144
127 144 129 146
127 145 129 147
127 145 129 147
127 145 129 147
128 148 130 150
128 151 130 153
128 153 130 155
128 153 130 155
129 153 131 155
129 153 131 155
129 153 131 155
129 154 131 156
129 154 131 156
130 154 132 156
